(13, 2, 1, 20, 29, 155, 95, 215, 86, 61, 112, 55, 25, 85, 34, 14, 53, 121, 66, 176, 66, 44, 87, 103, 61, 145, 54, 40, 68, 64, 49, 79, 166, 87, 244, 94, 63, 124, 73, 29, 117, 44, 23, 66, 95, 43, 146, 51, 26, 77, 36, 17, 54, null, null, null, 57, 42, 72)
(14, 2, 1, 30, 29, 155, 95, 215, 81, 59, 103, 55, 25, 85, 30, 15, 46, 121, 66, 176, 64, 41, 86, 103, 61, 145, 51, 34, 67, 64, 49, 79, 166, 87, 244, 83, 57, 109, 73, 29, 117, 38, 22, 53, 95, 43, 146, 46, 27, 65, 36, 17, 54, null, null, null, 57, 42, 72)
(15, 2, 1, 40, 49, 155, 95, 215, 83, 55, 110, 55, 25, 85, 32, 13, 50, 121, 66, 176, 64, 43, 84, 103, 61, 145, 52, 36, 68, 64, 49, 79, 166, 87, 244, 81, 50, 112, 73, 29, 117, 34, 18, 49, 95, 43, 146, 44, 23, 65, 36, 17, 54, null, null, null, 57, 42, 72)
(16, 2, 1, 50, 59, 155, 95, 215, 77, 49, 105, 55, 25, 85, 29, 12, 45, 121, 66, 176, 62, 42, 83, 103, 61, 145, 49, 30, 69, 64, 49, 79, 166, 87, 244, 80, 48, 111, 73, 29, 117, 35, 16, 54, 95, 43, 146, 51, 24, 78, 36, 17, 54, null, null, null, 57, 42, 72
(17, 2, 1, 60, 69, 155, 95, 215, 78, 57, 99, 55, 25, 85, 30, 13, 46, 121, 66, 176, 62, 38, 87, 103, 61, 145, 48, 34, 63, 64, 49, 79, 166, 87, 244, null, null, null, 73, 29, 117, null, null, null, 95, 43, 146, null, null, null, 36, 17, 54, null, null, null, 57, 42, 72
(18, 2, 1, 70, 79, 155, 95, 215, null, null, null, 55, 25, 85, null, null, null, 121, 66, 176, null, null, null, 103, 61, 145, null, null, null, 64, 49, 79, 166, 87, 244, null, null, null, 73, 29, 117, null, null, null, 95, 43, 146, null, null, null, 36, 17, 54, null, null, null, 57, 42, 72
(19, 2, 2, 20, 29, 123, 78, 167, 77, 54, 100, 43, 21, 64, 29, 16, 43, 83, 41, 125, 51, 29, 72, 83, 52, 114, 50, 38, 63, 66, 52, 79, 122, 68, 176, 78, 55, 101, 50, 20, 80, 33, 10, 56, 74, 39, 109, 46, 28, 63, 30, 13, 48, null, null, null, 60, 46, 74
(20, 2, 2, 30, 29, 123, 78, 167, 77, 52, 102, 43, 21, 64, 29, 9, 49, 83, 41, 125, 50, 32, 68, 83, 52, 114, 49, 34, 64, 66, 52, 79, 122, 68, 176, 76, 51, 100, 50, 20, 80, 31, 15, 48, 74, 39, 109, 45, 22, 69, 30, 13, 48, null, null, null, 60, 46, 74
(21, 2, 2, 40, 49, 123, 78, 167, 73, 50, 96, 43, 21, 64, 27, 12, 42, 83, 41, 125, 49, 32, 66, 83, 52, 114, 48, 32, 64, 66, 52, 79, 122, 68, 176, 74, 46, 102, 50, 20, 80, 29, 13, 45, 74, 39, 109, 47, 24, 69, 30, 13, 48, null, null, null, 60, 46, 74
(22, 2, 2, 50, 59, 123, 78, 167, 68, 48, 89, 43, 21, 64, 24, 10, 38, 83, 41, 125, 51, 31, 70, 83, 52, 114, 47, 34, 59, 66, 52, 79, 122, 68, 176, 69, 42, 95, 50, 20, 80, 28, 11, 44, 74, 39, 109, 42, 22, 62, 30, 13, 48, null, null, null, 60, 46, 74
(23, 2, 2, 60, 69, 123, 78, 167, 68, 51, 84, 43, 21, 64, 25, 14, 35, 83, 41, 125, 52, 31, 74, 83, 52, 114, 44, 31, 58, 66, 52, 79, 122, 68, 176, null, null, null, 50, 20, 80, null, null, null, 74, 39, 109, null, null, null, 30, 13, 48, null, null, null, 60, 46, 74
(24, 2, 2, 70, 79, 123, 78, 167, null, null, null, 43, 21, 64, null, null, null, 83, 41, 125, null, null, null, 83, 52, 114, null, null, null, 66, 52, 79, 122, 68, 176, null, null, null, 50, 20, 80, null, null, null, 74, 39, 109, null, null, null, 30, 13, 48, null, null, null, 60, 46, 74

INSERT INTO references_table (id, LAV_min_exc, LAV_max_exc,	LAVi_min_exc, LAVi_max_exc,	RAV_min_exc, RAV_max_exc, RAVi_min_exc,	RAVi_max_exc, LAV_min_inc, LAV_max_inc,	LAVi_min_inc, LAVi_max_inc, RAV_min_inc, RAV_max_inc, RAVi_min_inc, RAVi_max_inc
) VALUES
(13, 40, 99, 24, 57, 46, 132, 28, 76, 42, 115, 25, 56, 59, 158,	32,	79),
(14, 40, 99, 24, 57, 46, 132, 28, 76, 42, 115, 25, 56, 59, 158,	32,	79),
(15, 40, 99, 24, 57, 46, 132, 28, 76, 42, 115, 25, 56, 59, 158,	32,	79),
(16, 40, 99, 24, 57, 46, 132, 28, 76, 42, 115, 25, 56, 59, 158,	32,	79),
(17, 40, 99, 24, 57, 46, 132, 28, 76, 42, 115, 25, 56, 59, 158,	32,	79),
(18, 40, 99, 24, 57, 46, 132, 28, 76, 42, 115, 25, 56, 59, 158,	32,	79),
(19, 39, 93, 28, 60, 45, 108, 31, 71, 37, 94, 25, 53, 49, 122, 31, 69),
(20, 39, 93, 28, 60, 45, 108, 31, 71, 37, 94, 25, 53, 49, 122, 31, 69),
(21, 39, 93, 28, 60, 45, 108, 31, 71, 37, 94, 25, 53, 49, 122, 31, 69),
(22, 39, 93, 28, 60, 45, 108, 31, 71, 37, 94, 25, 53, 49, 122, 31, 69),
(23, 39, 93, 28, 60, 45, 108, 31, 71, 37, 94, 25, 53, 49, 122, 31, 69),
(24, 39, 93, 28, 60, 45, 108, 31, 71, 37, 94, 25, 53, 49, 122, 31, 69);
